Features
POE14
POE15
POE17
POE31.C18
POE30.C18
POE12
POE35.SORBITAN
POE13
POE16
POE26.SORBITAN
POE24.SORBITAN
POE24.C16
