Features
POE14
POE15
POE12
POE30.C18
POE16
POE13
POE17
POE35.SORBITAN
POE36.SORBITAN
POE31.C18
POE24.SORBITAN
POE19
