Features
POE14
POE15
POE17
POE12
POE16
POE31.C18
POE30.C18
POE24.SORBITAN
POE26.SORBITAN
POE13
POE30.SORBITAN
POE35.SORBITAN
